10766
32539
31476
13444
23607
17021
13554
9370
12481
31107
8438
31360
31102
29581
12893
14492
2806
16979
28774
16046
13684
29252
27195
27739
31861
9845
30416
21281
7375
6099
14744
21553
31492
30799
7574
808
30445
30205
26273
29512
13110
18982
15707
23262
15791
22034
25456
3565
28554
495
11385
16613
12361
9034
23170
6766
19185
13251
25191
28116
8597
28993
4586
12438
28255
17021
16682
21377
16352
3440
13746
19734
24653
514
25288
29213
21642
27513
5322
5430
16029
21167
27491
24291
16156
18849
152
7085
31890
23595
4834
19924
21523
25870
5744
14626
3679
14788
30833
27044
12807
1709
25296
21253
5403
23206
29824
8999
5253
22814
30130
1858
13955
1590
31148
3814
17114
9789
29607
29385
7121
25334
6307
3057
15515
7292
18444
10424
23334
11461
16165
20835
30045
22439
21374
13401
25720
7256
23893
32672
26808
16111
31833
20174
22364
24906
29237
9755
16762
26521
5170
4886
12689
20959
18450
11850
12787
21583
